; AcrR	Transcription Factor
A |	0	3	1	4	0	2	1	5	1	0	0	0	3	0
C |	2	0	4	0	0	0	4	0	1	1	0	1	0	1
G |	1	0	0	1	0	0	0	0	0	0	1	4	0	4
T |	2	2	0	0	5	3	0	0	3	4	4	0	2	0
//
; ArgP	Transcription Factor
A |	15	2	4	3	3	2	4	2	7	4	14	4	2	4	3	0	9	11	3
C |	1	1	0	3	1	9	2	1	0	7	2	0	1	4	5	3	8	5	3
G |	0	3	0	1	5	3	3	9	0	3	2	2	10	7	5	6	1	3	1
T |	3	13	15	12	10	5	10	7	12	5	1	13	6	4	6	10	1	0	12
//
; BaeR	Transcription Factor
A |	0	0	2	0	1	0	0	0	0	0	0	0	3	0	2	4	0	0	0	0	0	0	0
C |	3	1	0	0	0	0	0	0	4	0	3	4	1	1	0	0	0	1	0	1	3	0	3
G |	1	0	0	0	0	1	0	0	0	0	0	0	0	0	1	0	0	0	3	3	0	2	1
T |	0	3	2	4	3	3	4	4	0	4	1	0	0	3	1	0	4	3	1	0	1	2	0
//
; BasR	Transcription Factor
A |	0	0	5	4	1	2	0	0	8	8	1	2	2	0	2	2	4	0	0	5	8	2	1
C |	2	0	2	3	4	6	0	0	0	0	1	0	0	0	0	1	3	0	0	1	0	0	1
G |	1	5	0	0	1	0	0	0	0	0	5	5	1	2	0	1	1	2	2	2	0	4	2
T |	5	3	1	1	2	0	8	8	0	0	1	1	5	6	6	4	0	6	6	0	0	2	4
//
; CpxR	Transcription Factor
A |	6	6	8	39	9	19	14	18	14	8	7	7	4	42	4	18	14	19	13	17
C |	17	0	0	0	43	11	12	13	4	18	9	0	0	3	44	16	18	12	15	14
G |	3	7	9	3	2	18	10	9	17	10	13	0	4	7	5	12	17	6	6	14
T |	34	47	43	18	6	12	24	20	25	24	31	53	52	8	7	14	11	23	26	15
//
; CytR	Transcription Factor
A |	10	11	2	4	3	3	3	4	6	3	15	7	8	9	9	4	5	5	9	5	1	4	5
C |	6	4	5	5	2	7	1	4	0	14	0	0	1	1	4	4	2	5	3	1	4	2	7
G |	0	1	2	1	7	3	1	0	10	0	1	3	1	3	1	2	6	1	3	3	0	7	2
T |	1	1	8	7	5	4	12	9	1	0	1	7	7	4	3	7	4	6	2	8	12	4	3
//
; Dan	Transcription Factor
A |	1	3	1	1	1	0	0	2	5	0	0
C |	3	1	2	2	0	0	0	1	0	0	0
G |	0	1	1	0	4	0	1	1	0	0	0
T |	1	0	1	2	0	5	4	1	0	5	5
//
; DnaA	Transcription Factor
A |	1	2	16	0	4	2	20	0	19	11
C |	2	0	0	2	13	20	2	20	0	0
G |	0	0	1	0	2	0	0	3	0	6
T |	20	21	6	21	4	1	1	0	4	6
//
; ExuR	Transcription Factor
A |	9	10	9	1	1	1	1	0	4	6	9	6	1	9	6	7	0	2	4	2
C |	0	1	2	3	0	0	0	0	3	0	1	3	10	1	5	0	1	2	1	7
G |	1	0	0	6	0	8	10	0	0	3	1	0	0	0	0	2	1	0	3	0
T |	1	0	0	1	10	2	0	11	4	2	0	2	0	1	0	2	9	7	3	2
//
; FNR	Transcription Factor
A |	0	2	10	77	0	29	17	29	38	57	12	2	66	49
C |	1	0	2	0	17	15	8	18	5	16	4	63	6	14
G |	6	1	76	2	0	22	9	14	26	2	17	11	8	8
T |	81	85	0	9	71	22	54	27	19	13	55	12	8	17
//
; Fur	Transcription Factor
A |	9	14	39	12	40	40	2	12	32	4	9	25	2	6	42	7	7	22	8	12	38	14
C |	7	1	3	2	0	2	8	11	6	1	1	12	6	33	1	1	1	4	12	19	3	1
G |	2	31	4	7	3	6	0	20	6	1	0	3	4	5	3	3	0	3	10	4	7	1
T |	30	2	2	27	5	0	38	5	4	42	38	8	36	4	2	37	40	19	18	13	0	32
//
; GalR	Transcription Factor
A |	5	4	0	6	3	0	0	3	7	12	4	0	3	3	0	0	8	1
C |	3	1	3	1	0	1	1	1	3	0	0	9	0	0	0	0	0	11
G |	4	2	5	2	6	0	10	5	0	0	6	0	8	6	0	0	1	0
T |	0	5	4	3	3	11	1	3	2	0	2	3	1	3	12	12	3	0
//
; GcvA	Transcription Factor
A |	0	1	6	2	5	2	2	4	2	1	0	4	6	0	1	0	0	2
C |	1	1	0	2	0	0	0	0	1	5	0	0	0	0	0	1	3	0
G |	1	2	0	0	0	0	0	0	1	0	0	0	0	0	4	4	1	0
T |	4	2	0	2	1	4	4	2	2	0	6	2	0	6	1	1	2	4
//
; GntR	Transcription Factor
A |	5	2	0	1	2	8	1	0	0	1	0	7	7	1	9	2	4	4	1	3	9	5
C |	2	3	0	0	1	0	5	5	6	0	1	1	0	7	0	0	1	1	3	3	0	0
G |	0	0	9	1	0	0	0	2	2	7	0	0	0	0	0	1	0	1	3	1	0	0
T |	2	4	0	7	6	1	3	2	1	1	8	1	2	1	0	6	4	3	2	2	0	4
//
; IscR	Transcription Factor
A |	4	3	9	2	1	2	2	7	2	2	3	6	1	3	0	7	1	2	5	0	0	0	1	5	2	3	5
C |	3	1	0	2	2	2	5	2	8	4	3	3	1	0	2	1	2	3	3	0	0	0	0	1	0	0	0
G |	1	1	0	3	1	1	4	0	0	0	4	0	2	1	1	0	5	2	1	7	10	10	0	1	1	1	1
T |	3	6	2	4	7	6	0	2	1	5	1	2	7	7	8	3	3	4	2	4	1	1	10	4	8	7	5
//
; Lrp	Transcription Factor
A |	12	28	35	4	26	13	13	41	11	15	13	0	1
C |	8	17	0	12	5	1	7	8	9	25	49	0	0
G |	36	16	13	8	8	6	6	5	7	10	4	15	46
T |	24	19	32	56	41	60	54	26	53	30	14	65	33
//
; Nac	Transcription Factor
A |	4	5	10	3	3	4	1	2	1	0	11	1	5	2	0	4	6
C |	0	2	1	1	0	3	0	7	0	3	0	1	0	1	5	3	2
G |	5	4	1	0	1	0	3	0	1	2	2	1	6	5	8	4	3
T |	5	3	2	10	10	7	10	5	12	9	1	11	3	6	1	3	3
//
; NanR	Transcription Factor
A |	0	8	0	9	0	0	3
C |	0	0	1	0	9	9	0
G |	0	1	0	0	0	0	0
T |	9	0	8	0	0	0	6
//
; NarP	Transcription Factor
A |	1	8	5	1	0	6	5	6	6	6	2	0	6	2	1	8
C |	0	2	5	11	7	5	0	1	2	5	0	2	0	0	1	0
G |	0	1	1	0	0	0	2	0	1	1	8	3	5	9	0	4
T |	11	1	1	0	5	1	5	5	3	0	2	7	1	1	10	0
//
; NrdR	Transcription Factor
A |	0	4	3	3	0	2	0	2	6	0	6	0	5	0	3	0	0	0	1
C |	0	1	1	2	1	1	6	0	0	1	0	0	0	0	0	0	0	0	1
G |	1	0	1	0	1	2	0	0	0	2	0	0	1	1	0	6	1	5	1
T |	5	1	1	1	4	1	0	4	0	3	0	6	0	5	3	0	5	1	3
//
; NsrR	Transcription Factor
A |	14	32	39	11	36	0	1	6	25	9	11	9	8	19	13
C |	3	0	0	9	0	0	0	22	1	3	3	1	9	7	10
G |	6	0	0	15	1	1	38	4	3	7	0	1	7	4	9
T |	16	7	0	4	2	38	0	7	10	20	25	28	15	9	7
//
; NtrC	Transcription Factor
A |	9	10	5	2	1	18	1	3	20	2	1	2	3	6	2	3	0	3	18	12
C |	0	2	5	0	25	4	21	13	1	0	2	3	4	1	3	3	4	21	2	9
G |	11	4	1	25	0	5	0	7	3	0	7	7	1	15	20	10	22	3	5	4
T |	7	11	16	0	1	0	5	4	3	25	17	15	19	5	2	11	1	0	2	2
//
; OmpR	Transcription Factor
A |	10	12	6	11	3	2	3	14	15	3	6	17	16	15	8	6	4	10	13	8	13	9
C |	0	3	5	4	4	0	3	1	0	15	7	0	2	0	2	3	0	0	0	7	3	3
G |	3	3	2	4	2	15	1	0	1	0	2	3	2	5	2	7	0	4	0	2	0	2
T |	8	3	8	2	12	4	14	6	5	3	6	1	1	1	9	5	17	7	8	4	5	7
//
; OxyR	Transcription Factor
A |	18	13	15	6	11	9	16	16	16	26	18	3	8	34	0	4	20	11	13	9
C |	5	5	7	4	8	9	5	2	6	5	14	31	1	2	0	16	0	18	4	6
G |	6	2	6	27	21	4	2	6	7	6	5	0	5	6	0	5	11	6	4	15
T |	13	22	14	5	2	20	19	18	13	5	5	8	28	0	42	17	11	7	21	12
//
; PhoB	Transcription Factor
A |	13	5	9	4	1	15	4	22	4	8	2	3	1	12	3	3	12	6	24	7
C |	3	4	3	1	2	1	20	1	3	6	3	1	1	4	4	2	2	13	1	5
G |	2	4	9	2	13	4	0	1	11	0	1	3	1	9	1	14	4	4	0	11
T |	8	13	5	19	10	6	2	2	8	12	20	19	23	1	18	7	8	3	1	3
//
; PhoP	Transcription Factor
A |	8	7	11	1	4	6	26	8	4	9	12	6	3	6	1	1	5	31
C |	8	3	3	2	1	1	3	2	16	7	5	13	8	0	0	0	1	0
G |	5	3	17	1	3	2	3	9	8	7	5	5	4	25	3	2	5	3
T |	13	21	3	30	26	25	2	15	6	11	12	10	19	3	30	31	23	0
//
; PurR	Transcription Factor
A |	15	3	0	1	22	22	14	0	0	2	0	0	5	0	2	2	1
C |	0	15	1	20	0	0	2	22	0	0	0	1	1	21	8	2	3
G |	6	2	21	1	0	0	1	0	22	5	1	1	2	0	6	1	4
T |	1	2	0	0	0	0	5	0	0	15	21	20	14	1	6	17	14
//
; PutA	Transcription Factor
A |	0	0	0	5	5	0
C |	0	0	5	0	0	5
G |	0	5	0	0	0	0
T |	5	0	0	0	0	0
//
; PuuR	Transcription Factor
A |	3	3	2	2	0	0	0	4	3	3	4	2	4	0	3	3	0	0	3	2	0	4
C |	0	0	1	0	1	0	0	0	1	0	0	0	0	0	0	0	0	1	0	2	4	0
G |	0	1	1	2	0	3	3	0	0	0	0	0	0	0	0	0	0	3	1	0	0	0
T |	1	0	0	0	3	1	1	0	0	1	0	2	0	4	1	1	4	0	0	0	0	0
//
; RhaS	Transcription Factor
A |	2	0	0	0	1	4	4	1	4	6	1	4	3	3	4	2	1	5	4	0
C |	4	2	1	0	7	2	0	3	4	0	5	0	0	2	2	1	0	0	0	1
G |	0	0	4	4	0	2	4	1	0	1	2	4	5	3	1	1	4	1	1	6
T |	2	6	3	4	0	0	0	3	0	1	0	0	0	0	1	4	3	2	3	1
//
; Rob	Transcription Factor
A |	5	4	3	2	0	9	5	1	6	6	4	5	3	2	2	0	0	0	7	0	4	6	3
C |	2	1	2	2	0	1	1	9	3	0	1	3	6	0	1	0	11	5	0	1	3	1	2
G |	4	4	2	1	1	4	6	0	4	2	0	0	0	10	1	14	1	4	6	0	2	3	4
T |	3	5	7	9	13	0	2	4	1	6	9	6	5	2	10	0	2	5	1	13	5	4	5
//
; RutR	Transcription Factor
A |	1	1	1	4	0	1	3	2	0	0	2	0	1	0	2	5	1	0	1	0
C |	1	1	0	1	5	4	0	0	1	0	1	0	0	5	2	0	4	0	1	1
G |	0	0	4	0	0	0	2	1	1	0	2	5	0	0	0	0	0	2	0	1
T |	3	3	0	0	0	0	0	2	3	5	0	0	4	0	1	0	0	3	3	3
//
; SlyA	Transcription Factor
A |	10	1	1	10	4	3	3	10	3	9	4	12	13	10	0
C |	0	0	2	1	5	2	0	3	0	0	0	1	0	2	1
G |	1	0	2	3	1	0	5	0	3	0	0	0	1	0	1
T |	3	13	9	0	4	9	6	1	8	5	10	1	0	2	12
//
; SoxR	Transcription Factor
A |	1	4	0	0	0	0	4	2	1	1	1	4	2	0	1	0	1	2	0	1
C |	0	0	3	1	1	4	0	2	1	1	1	1	1	4	1	0	0	0	0	1
G |	1	0	0	5	1	0	1	0	3	0	0	0	2	1	0	3	1	2	4	4
T |	4	2	3	0	4	2	1	2	1	4	4	1	1	1	4	3	4	2	2	0
//
; UlaR	Transcription Factor
A |	1	0	4	0	0	2	0	1	1	1	0	0	4	2	1	3	3	1	1	1	1	0	3
C |	0	0	0	0	0	1	1	0	0	0	0	0	0	0	1	0	0	0	2	1	0	0	0
G |	0	4	0	0	0	1	2	0	0	0	0	4	0	0	0	0	0	0	0	2	0	4	0
T |	3	0	0	4	4	0	1	3	3	3	4	0	0	2	2	1	1	3	1	0	3	0	1
